4.924039	 0	 0.868241,
4.330127	 0	 2.500000,
3.213938	 0	 3.830222,
1.710101	 0	 4.698463,
0.000000	 0	 5.000000,
-1.710100	 0	 4.698463,
-3.213938	 0	 3.830222,
-4.330127	 0	 2.500000,
-4.924039	 0	 0.868241,
-4.924039	 0	 -0.868240,
-4.330128	 0	 -2.499999,
-3.213938	 0	 -3.830222,
-1.710100	 0	 -4.698463,
0.000000	 0	 -5.000000,
1.710101	 0	 -4.698463,
3.213938	 0	 -3.830223,
4.330127	 0	 -2.500001,
4.924038	 0	 -0.868242,
5.000000	 2	 0.000000,
4.698463	 2	 1.710101,
3.830222	 2	 3.213938,
2.500000	 2	 4.330127,
0.868241	 2	 4.924039,
-0.868240	 2	 4.924039,
-2.500000	 2	 4.330127,
-3.830222	 2	 3.213938,
-4.698463	 2	 1.710101,
-5.000000	 2	 0.000001,
-4.698463	 2	 -1.710100,
-3.830222	 2	 -3.213938,
-2.500000	 2	 -4.330127,
-0.868241	 2	 -4.924039,
0.868241	 2	 -4.924039,
2.500000	 2	 -4.330127,
3.830222	 2	 -3.213939,
4.698462	 2	 -1.710102,
4.924039	 4	 0.868241,
4.330127	 4	 2.500000,
3.213938	 4	 3.830222,
1.710101	 4	 4.698463,
0.000000	 4	 5.000000,
-1.710100	 4	 4.698463,
-3.213938	 4	 3.830222,
-4.330127	 4	 2.500000,
-4.924039	 4	 0.868241,
-4.924039	 4	 -0.868240,
-4.330128	 4	 -2.499999,
-3.213938	 4	 -3.830222,
-1.710100	 4	 -4.698463,
0.000000	 4	 -5.000000,
1.710101	 4	 -4.698463,
3.213938	 4	 -3.830223,
4.330127	 4	 -2.500001,
4.924038	 4	 -0.868242,
5.000000	 6	 0.000000,
4.698463	 6	 1.710101,
3.830222	 6	 3.213938,
2.500000	 6	 4.330127,
0.868241	 6	 4.924039,
-0.868240	 6	 4.924039,
-2.500000	 6	 4.330127,
-3.830222	 6	 3.213938,
-4.698463	 6	 1.710101,
-5.000000	 6	 0.000001,
-4.698463	 6	 -1.710100,
-3.830222	 6	 -3.213938,
-2.500000	 6	 -4.330127,
-0.868241	 6	 -4.924039,
0.868241	 6	 -4.924039,
2.500000	 6	 -4.330127,
3.830222	 6	 -3.213939,
4.698462	 6	 -1.710102,
4.924039	 8	 0.868241,
4.330127	 8	 2.500000,
3.213938	 8	 3.830222,
1.710101	 8	 4.698463,
0.000000	 8	 5.000000,
-1.710100	 8	 4.698463,
-3.213938	 8	 3.830222,
-4.330127	 8	 2.500000,
-4.924039	 8	 0.868241,
-4.924039	 8	 -0.868240,
-4.330128	 8	 -2.499999,
-3.213938	 8	 -3.830222,
-1.710100	 8	 -4.698463,
0.000000	 8	 -5.000000,
1.710101	 8	 -4.698463,
3.213938	 8	 -3.830223,
4.330127	 8	 -2.500001,
4.924038	 8	 -0.868242,
5.000000	 10	 0.000000,
4.698463	 10	 1.710101,
3.830222	 10	 3.213938,
2.500000	 10	 4.330127,
0.868241	 10	 4.924039,
-0.868240	 10	 4.924039,
-2.500000	 10	 4.330127,
-3.830222	 10	 3.213938,
-4.698463	 10	 1.710101,
-5.000000	 10	 0.000001,
-4.698463	 10	 -1.710100,
-3.830222	 10	 -3.213938,
-2.500000	 10	 -4.330127,
-0.868241	 10	 -4.924039,
0.868241	 10	 -4.924039,
2.500000	 10	 -4.330127,
3.830222	 10	 -3.213939,
4.698462	 10	 -1.710102,
4.924039	 12	 0.868241,
4.330127	 12	 2.500000,
3.213938	 12	 3.830222,
1.710101	 12	 4.698463,
0.000000	 12	 5.000000,
-1.710100	 12	 4.698463,
-3.213938	 12	 3.830222,
-4.330127	 12	 2.500000,
-4.924039	 12	 0.868241,
-4.924039	 12	 -0.868240,
-4.330128	 12	 -2.499999,
-3.213938	 12	 -3.830222,
-1.710100	 12	 -4.698463,
0.000000	 12	 -5.000000,
1.710101	 12	 -4.698463,
3.213938	 12	 -3.830223,
4.330127	 12	 -2.500001,
4.924038	 12	 -0.868242,
5.000000	 14	 0.000000,
4.698463	 14	 1.710101,
3.830222	 14	 3.213938,
2.500000	 14	 4.330127,
0.868241	 14	 4.924039,
-0.868240	 14	 4.924039,
-2.500000	 14	 4.330127,
-3.830222	 14	 3.213938,
-4.698463	 14	 1.710101,
-5.000000	 14	 0.000001,
-4.698463	 14	 -1.710100,
-3.830222	 14	 -3.213938,
-2.500000	 14	 -4.330127,
-0.868241	 14	 -4.924039,
0.868241	 14	 -4.924039,
2.500000	 14	 -4.330127,
3.830222	 14	 -3.213939,
4.698462	 14	 -1.710102,
4.924039	 16	 0.868241,
4.330127	 16	 2.500000,
3.213938	 16	 3.830222,
1.710101	 16	 4.698463,
0.000000	 16	 5.000000,
-1.710100	 16	 4.698463,
-3.213938	 16	 3.830222,
-4.330127	 16	 2.500000,
-4.924039	 16	 0.868241,
-4.924039	 16	 -0.868240,
-4.330128	 16	 -2.499999,
-3.213938	 16	 -3.830222,
-1.710100	 16	 -4.698463,
0.000000	 16	 -5.000000,
1.710101	 16	 -4.698463,
3.213938	 16	 -3.830223,
4.330127	 16	 -2.500001,
4.924038	 16	 -0.868242,
5.000000	 18	 0.000000,
4.698463	 18	 1.710101,
3.830222	 18	 3.213938,
2.500000	 18	 4.330127,
0.868241	 18	 4.924039,
-0.868240	 18	 4.924039,
-2.500000	 18	 4.330127,
-3.830222	 18	 3.213938,
-4.698463	 18	 1.710101,
-5.000000	 18	 0.000001,
-4.698463	 18	 -1.710100,
-3.830222	 18	 -3.213938,
-2.500000	 18	 -4.330127,
-0.868241	 18	 -4.924039,
0.868241	 18	 -4.924039,
2.500000	 18	 -4.330127,
3.830222	 18	 -3.213939,
4.698462	 18	 -1.710102,
4.924039	 20	 0.868241,
4.330127	 20	 2.500000,
3.213938	 20	 3.830222,
1.710101	 20	 4.698463,
0.000000	 20	 5.000000,
-1.710100	 20	 4.698463,
-3.213938	 20	 3.830222,
-4.330127	 20	 2.500000,
-4.924039	 20	 0.868241,
-4.924039	 20	 -0.868240,
-4.330128	 20	 -2.499999,
-3.213938	 20	 -3.830222,
-1.710100	 20	 -4.698463,
0.000000	 20	 -5.000000,
1.710101	 20	 -4.698463,
3.213938	 20	 -3.830223,
4.330127	 20	 -2.500001,
4.924038	 20	 -0.868242,
5.000000	 22	 0.000000,
4.698463	 22	 1.710101,
3.830222	 22	 3.213938,
2.500000	 22	 4.330127,
0.868241	 22	 4.924039,
-0.868240	 22	 4.924039,
-2.500000	 22	 4.330127,
-3.830222	 22	 3.213938,
-4.698463	 22	 1.710101,
-5.000000	 22	 0.000001,
-4.698463	 22	 -1.710100,
-3.830222	 22	 -3.213938,
-2.500000	 22	 -4.330127,
-0.868241	 22	 -4.924039,
0.868241	 22	 -4.924039,
2.500000	 22	 -4.330127,
3.830222	 22	 -3.213939,
4.698462	 22	 -1.710102,
4.924039	 24	 0.868241,
4.330127	 24	 2.500000,
3.213938	 24	 3.830222,
1.710101	 24	 4.698463,
0.000000	 24	 5.000000,
-1.710100	 24	 4.698463,
-3.213938	 24	 3.830222,
-4.330127	 24	 2.500000,
-4.924039	 24	 0.868241,
-4.924039	 24	 -0.868240,
-4.330128	 24	 -2.499999,
-3.213938	 24	 -3.830222,
-1.710100	 24	 -4.698463,
0.000000	 24	 -5.000000,
1.710101	 24	 -4.698463,
3.213938	 24	 -3.830223,
4.330127	 24	 -2.500001,
4.924038	 24	 -0.868242,
5.000000	 26	 0.000000,
4.698463	 26	 1.710101,
3.830222	 26	 3.213938,
2.500000	 26	 4.330127,
0.868241	 26	 4.924039,
-0.868240	 26	 4.924039,
-2.500000	 26	 4.330127,
-3.830222	 26	 3.213938,
-4.698463	 26	 1.710101,
-5.000000	 26	 0.000001,
-4.698463	 26	 -1.710100,
-3.830222	 26	 -3.213938,
-2.500000	 26	 -4.330127,
-0.868241	 26	 -4.924039,
0.868241	 26	 -4.924039,
2.500000	 26	 -4.330127,
3.830222	 26	 -3.213939,
4.698462	 26	 -1.710102,
4.924039	 28	 0.868241,
4.330127	 28	 2.500000,
3.213938	 28	 3.830222,
1.710101	 28	 4.698463,
0.000000	 28	 5.000000,
-1.710100	 28	 4.698463,
-3.213938	 28	 3.830222,
-4.330127	 28	 2.500000,
-4.924039	 28	 0.868241,
-4.924039	 28	 -0.868240,
-4.330128	 28	 -2.499999,
-3.213938	 28	 -3.830222,
-1.710100	 28	 -4.698463,
0.000000	 28	 -5.000000,
1.710101	 28	 -4.698463,
3.213938	 28	 -3.830223,
4.330127	 28	 -2.500001,
4.924038	 28	 -0.868242,
5.000000	 30	 0.000000,
4.698463	 30	 1.710101,
3.830222	 30	 3.213938,
2.500000	 30	 4.330127,
0.868241	 30	 4.924039,
-0.868240	 30	 4.924039,
-2.500000	 30	 4.330127,
-3.830222	 30	 3.213938,
-4.698463	 30	 1.710101,
-5.000000	 30	 0.000001,
-4.698463	 30	 -1.710100,
-3.830222	 30	 -3.213938,
-2.500000	 30	 -4.330127,
-0.868241	 30	 -4.924039,
0.868241	 30	 -4.924039,
2.500000	 30	 -4.330127,
3.830222	 30	 -3.213939,
4.698462	 30	 -1.710102,
4.924039	 32	 0.868241,
4.330127	 32	 2.500000,
3.213938	 32	 3.830222,
1.710101	 32	 4.698463,
0.000000	 32	 5.000000,
-1.710100	 32	 4.698463,
-3.213938	 32	 3.830222,
-4.330127	 32	 2.500000,
-4.924039	 32	 0.868241,
-4.924039	 32	 -0.868240,
-4.330128	 32	 -2.499999,
-3.213938	 32	 -3.830222,
-1.710100	 32	 -4.698463,
0.000000	 32	 -5.000000,
1.710101	 32	 -4.698463,
3.213938	 32	 -3.830223,
4.330127	 32	 -2.500001,
4.924038	 32	 -0.868242,
5.000000	 34	 0.000000,
4.698463	 34	 1.710101,
3.830222	 34	 3.213938,
2.500000	 34	 4.330127,
0.868241	 34	 4.924039,
-0.868240	 34	 4.924039,
-2.500000	 34	 4.330127,
-3.830222	 34	 3.213938,
-4.698463	 34	 1.710101,
-5.000000	 34	 0.000001,
-4.698463	 34	 -1.710100,
-3.830222	 34	 -3.213938,
-2.500000	 34	 -4.330127,
-0.868241	 34	 -4.924039,
0.868241	 34	 -4.924039,
2.500000	 34	 -4.330127,
3.830222	 34	 -3.213939,
4.698462	 34	 -1.710102,
4.924039	 36	 0.868241,
4.330127	 36	 2.500000,
3.213938	 36	 3.830222,
1.710101	 36	 4.698463,
0.000000	 36	 5.000000,
-1.710100	 36	 4.698463,
-3.213938	 36	 3.830222,
-4.330127	 36	 2.500000,
-4.924039	 36	 0.868241,
-4.924039	 36	 -0.868240,
-4.330128	 36	 -2.499999,
-3.213938	 36	 -3.830222,
-1.710100	 36	 -4.698463,
0.000000	 36	 -5.000000,
1.710101	 36	 -4.698463,
3.213938	 36	 -3.830223,
4.330127	 36	 -2.500001,
4.924038	 36	 -0.868242,
5.000000	 38	 0.000000,
4.698463	 38	 1.710101,
3.830222	 38	 3.213938,
2.500000	 38	 4.330127,
0.868241	 38	 4.924039,
-0.868240	 38	 4.924039,
-2.500000	 38	 4.330127,
-3.830222	 38	 3.213938,
-4.698463	 38	 1.710101,
-5.000000	 38	 0.000001,
-4.698463	 38	 -1.710100,
-3.830222	 38	 -3.213938,
-2.500000	 38	 -4.330127,
-0.868241	 38	 -4.924039,
0.868241	 38	 -4.924039,
2.500000	 38	 -4.330127,
3.830222	 38	 -3.213939,
4.698462	 38	 -1.710102,
4.924039	 40	 0.868241,
4.330127	 40	 2.500000,
3.213938	 40	 3.830222,
1.710101	 40	 4.698463,
0.000000	 40	 5.000000,
-1.710100	 40	 4.698463,
-3.213938	 40	 3.830222,
-4.330127	 40	 2.500000,
-4.924039	 40	 0.868241,
-4.924039	 40	 -0.868240,
-4.330128	 40	 -2.499999,
-3.213938	 40	 -3.830222,
-1.710100	 40	 -4.698463,
0.000000	 40	 -5.000000,
1.710101	 40	 -4.698463,
3.213938	 40	 -3.830223,
4.330127	 40	 -2.500001,
4.924038	 40	 -0.868242,
5.000000	 42	 0.000000,
4.698463	 42	 1.710101,
3.830222	 42	 3.213938,
2.500000	 42	 4.330127,
0.868241	 42	 4.924039,
-0.868240	 42	 4.924039,
-2.500000	 42	 4.330127,
-3.830222	 42	 3.213938,
-4.698463	 42	 1.710101,
-5.000000	 42	 0.000001,
-4.698463	 42	 -1.710100,
-3.830222	 42	 -3.213938,
-2.500000	 42	 -4.330127,
-0.868241	 42	 -4.924039,
0.868241	 42	 -4.924039,
2.500000	 42	 -4.330127,
3.830222	 42	 -3.213939,
4.698462	 42	 -1.710102,
4.924039	 44	 0.868241,
4.330127	 44	 2.500000,
3.213938	 44	 3.830222,
1.710101	 44	 4.698463,
0.000000	 44	 5.000000,
-1.710100	 44	 4.698463,
-3.213938	 44	 3.830222,
-4.330127	 44	 2.500000,
-4.924039	 44	 0.868241,
-4.924039	 44	 -0.868240,
-4.330128	 44	 -2.499999,
-3.213938	 44	 -3.830222,
-1.710100	 44	 -4.698463,
0.000000	 44	 -5.000000,
1.710101	 44	 -4.698463,
3.213938	 44	 -3.830223,
4.330127	 44	 -2.500001,
4.924038	 44	 -0.868242,
